MIN=0	0	0	0	0	
MAX=5000	1	1	310	0,1	
SCALE=1000	0,5	0,5	100	0,05	
DEC=0	3	3	0	4	
DEF="Time" t / s	"Voltage" U_A1 / V	"Voltage" U_B1 / V	"Temperatur" T / K	"Frequency" f / Hz	
0	-0,0205	0,2025	293,65	NAN	
5	-0,0205	0,2005	293,65	NAN	
10	-0,022	0,2005	295,15	NAN	
15	-0,0225	0,201	295,65	NAN	
20,005	-0,0215	0,2025	294,65	NAN	
25	-0,0215	0,2005	294,65	NAN	
30	-0,021	0,202	294,15	NAN	
35	-0,0215	0,198	294,65	NAN	
40	-0,022	0,201	295,15	NAN	
45	-0,0215	0,2	294,65	NAN	
50	-0,0215	0,2005	294,65	NAN	
55	-0,021	0,2005	294,15	NAN	
60	-0,0215	0,199	294,65	NAN	
65	-0,02	0,2	293,15	NAN	
70	-0,021	0,199	294,15	NAN	
75	-0,022	0,2	295,15	NAN	
80,006	-0,0215	0,2	294,65	NAN	
85	-0,0205	0,1995	293,65	NAN	
90	-0,0225	0,2	295,65	NAN	
95	-0,0215	0,2005	294,65	NAN	
100	-0,0205	0,2	293,65	NAN	
105	-0,0205	0,2005	293,65	NAN	
110	-0,022	0,2005	295,15	NAN	
115	-0,021	0,201	294,15	NAN	
120	-0,0215	0,199	294,65	NAN	
125	-0,0235	0,2	296,65	NAN	
130	-0,0215	0,201	294,65	NAN	
135	-0,0215	0,1995	294,65	NAN	
140,007	-0,0215	0,2005	294,65	NAN	
145	-0,0215	0,201	294,65	NAN	
150	-0,0205	0,2005	293,65	NAN	
155	-0,0215	0,2	294,65	NAN	
160	-0,0215	0,2	294,65	NAN	
165	-0,023	0,198	296,15	NAN	
170	-0,024	0,199	297,15	NAN	
175	-0,023	0,2	296,15	NAN	
180	-0,0205	0,199	293,65	NAN	
185	-0,0215	0,199	294,65	NAN	
190	-0,0215	0,1975	294,65	NAN	
195,001	-0,0205	0,1985	293,65	NAN	
200,008	-0,019	0,196	292,15	NAN	
205	-0,018	0,1955	291,15	NAN	
210	-0,018	0,196	291,15	NAN	
215	-0,014	0,1955	287,15	NAN	
220	-0,0145	0,1935	287,65	NAN	
225	-0,0135	0,194	286,65	NAN	
230	-0,0085	0,1935	281,65	NAN	
235	-0,006	0,192	279,15	NAN	
240	-0,0055	0,191	278,65	NAN	
245	-0,0015	0,1915	274,65	NAN	
250	0,002	0,1915	271,15	NAN	
255,002	0,004	0,191	269,15	NAN	
260	0,008	0,1915	265,15	NAN	
265	0,0105	0,189	262,65	NAN	
270	0,0155	0,191	257,65	NAN	
275	0,0165	0,1895	256,65	NAN	
280	0,022	0,19	251,15	NAN	
285	0,0245	0,1875	248,65	NAN	
290	0,0255	0,1875	247,65	NAN	
295	0,033	0,187	240,15	NAN	
300	0,0335	0,184	239,65	NAN	
305	0,0375	0,185	235,65	NAN	
310	0,0415	0,183	231,65	NAN	
315,005	0,0465	0,182	226,65	NAN	
320	0,049	0,181	224,15	NAN	
325	0,051	0,178	222,15	NAN	
330	0,0555	0,1785	217,65	NAN	
335	0,0585	0,178	214,65	NAN	
340	0,061	0,175	212,15	NAN	
345	0,0645	0,1745	208,65	NAN	
350	0,0675	0,1745	205,65	NAN	
355	0,071	0,174	202,15	NAN	
360	0,074	0,17	199,15	NAN	
365	0,077	0,17	196,15	NAN	
370	0,0805	0,1695	192,65	NAN	
375,007	0,084	0,1685	189,15	NAN	
380	0,087	0,1675	186,15	NAN	
385	0,09	0,1645	183,15	NAN	
390	0,0935	0,1645	179,65	NAN	
395	0,0945	0,1635	178,65	NAN	
400	0,0965	0,16	176,65	NAN	
405	0,1	0,16	173,15	NAN	
410	0,1035	0,1565	169,65	NAN	
415	0,106	0,1545	167,15	NAN	
420	0,1065	0,1535	166,65	NAN	
425	0,1095	0,152	163,65	NAN	
430	0,1125	0,152	160,65	NAN	
435,008	0,1135	0,1485	159,65	NAN	
440	0,118	0,1505	155,15	NAN	
445	0,1195	0,148	153,65	NAN	
450	0,1205	0,147	152,65	NAN	
455	0,124	0,1465	149,15	NAN	
460	0,1245	0,144	148,65	NAN	
465	0,128	0,145	145,15	NAN	
470	0,1285	0,1415	144,65	NAN	
475	0,131	0,142	142,15	NAN	
480	0,134	0,14	139,15	NAN	
485	0,133	0,1395	140,15	NAN	
490,001	0,137	0,1385	136,15	NAN	
495,009	0,138	0,1375	135,15	NAN	
500	0,138	0,135	135,15	NAN	
505	0,1425	0,135	130,65	NAN	
510	0,143	0,1325	130,15	NAN	
515	0,143	0,132	130,15	NAN	
520	0,147	0,1325	126,15	NAN	
525	0,1465	0,1285	126,65	NAN	
530	0,147	0,129	126,15	NAN	
535	0,151	0,1285	122,15	NAN	
540	0,1515	0,126	121,65	NAN	
545	0,1515	0,1255	121,65	NAN	
550,003	0,155	0,125	118,15	NAN	
555	0,155	0,125	118,15	NAN	
560	0,156	0,124	117,15	NAN	
565	0,158	0,124	115,15	NAN	
570	0,1585	0,1215	114,65	NAN	
575	0,1595	0,122	113,65	NAN	
580	0,16	0,12	113,15	NAN	
585	0,1605	0,12	112,65	NAN	
590	0,1605	0,1175	112,65	NAN	
595	0,164	0,1175	109,15	NAN	
600	0,164	0,116	109,15	NAN	
605	0,165	0,114	108,15	NAN	
610,003	0,164	0,114	109,15	NAN	
615	0,166	0,1125	107,15	NAN	
620	0,1675	0,11	105,65	NAN	
625	0,1665	0,11	106,65	NAN	
630	0,169	0,1115	104,15	NAN	
635	0,169	0,1075	104,15	NAN	
640	0,1695	0,1075	103,65	NAN	
645	0,171	0,108	102,15	NAN	
650	0,1715	0,105	101,65	NAN	
655	0,1715	0,107	101,65	NAN	
660	0,1725	0,103	100,65	NAN	
665	0,1735	0,104	99,65	NAN	
670,005	0,1735	0,1025	99,65	NAN	
675	0,1745	0,1005	98,65	NAN	
680	0,173	0,098	100,15	NAN	
685	0,1755	0,0905	97,65	NAN	
690	0,174	0,0755	99,15	NAN	
695	0,1755	0,0595	97,65	NAN	
700	0,1765	0,0425	96,65	NAN	
705	0,1765	0,023	96,65	NAN	
710	0,177	0,015	96,15	NAN	
715	0,177	0,0125	96,15	NAN	
720	0,177	0,01	96,15	NAN	
725	0,1785	0,0115	94,65	NAN	
730,007	0,1785	0,01	94,65	NAN	
735	0,179	0,009	94,15	NAN	
740	0,1785	0,012	94,65	NAN	
745	0,1795	0,009	93,65	NAN	
750	0,1795	0,012	93,65	NAN	
755	0,178	0,009	95,15	NAN	
760	0,1795	0,011	93,65	NAN	
765	0,179	0,009	94,15	NAN	
770	0,18	0,0105	93,15	NAN	
NAN	NAN	NAN	NAN	NAN	
0	0,179	0,011	94,15	NAN	
5	0,1815	0,0115	91,65	NAN	
10	0,1805	0,01	92,65	NAN	
15	0,1815	0,0115	91,65	NAN	
20	0,182	0,012	91,15	NAN	
25	0,1815	0,009	91,65	NAN	
30	0,1815	0,01	91,65	NAN	
35	0,182	0,0105	91,15	NAN	
40	0,1825	0,011	90,65	NAN	
45	0,1805	0,011	92,65	NAN	
50,003	0,1805	0,0095	92,65	NAN	
55	0,177	0,0105	96,15	NAN	
60	0,179	0,0105	94,15	NAN	
65	0,177	0,012	96,15	NAN	
70	0,1765	0,018	96,65	NAN	
75	0,176	0,0435	97,15	NAN	
80	0,174	0,09	99,15	NAN	
85	0,1745	0,102	98,65	NAN	
90	0,172	0,1025	101,15	NAN	
95	0,17	0,106	103,15	NAN	
100	0,17	0,1105	103,15	NAN	
105	0,1675	0,1115	105,65	NAN	
110,002	0,1655	0,1125	107,65	NAN	
115	0,165	0,1145	108,15	NAN	
120	0,163	0,114	110,15	NAN	
125	0,161	0,1155	112,15	NAN	
130	0,16	0,116	113,15	NAN	
135	0,1575	0,118	115,65	NAN	
140	0,158	0,1195	115,15	NAN	
145	0,157	0,1185	116,15	NAN	
150	0,155	0,1215	118,15	NAN	
155	0,153	0,1215	120,15	NAN	
160	0,1515	0,123	121,65	NAN	
165	0,1505	0,121	122,65	NAN	
170,001	0,1485	0,124	124,65	NAN	
175	0,1475	0,125	125,65	NAN	
180	0,1455	0,126	127,65	NAN	
185	0,1455	0,127	127,65	NAN	
190	0,1445	0,125	128,65	NAN	
195	0,1425	0,127	130,65	NAN	
200	0,141	0,127	132,15	NAN	
205	0,139	0,126	134,15	NAN	
210	0,138	0,1285	135,15	NAN	
215	0,137	0,1295	136,15	NAN	
220	0,134	0,129	139,15	NAN	
225	0,1355	0,1305	137,65	NAN	
230,006	0,133	0,1315	140,15	NAN	
235	0,132	0,132	141,15	NAN	
240	0,131	0,133	142,15	NAN	
245	0,129	0,133	144,15	NAN	
250	0,128	0,1355	145,15	NAN	
255	0,127	0,134	146,15	NAN	
260	0,127	0,135	146,15	NAN	
265	0,124	0,135	149,15	NAN	
270	0,1245	0,1365	148,65	NAN	
275	0,123	0,1365	150,15	NAN	
280	0,1225	0,138	150,65	NAN	
285	0,12	0,136	153,15	NAN	
290,007	0,12	0,1355	153,15	NAN	
295	0,1195	0,1365	153,65	NAN	
300	0,117	0,1365	156,15	NAN	
305	0,117	0,1395	156,15	NAN	
310	0,116	0,138	157,15	NAN	
315	0,1145	0,139	158,65	NAN	
320	0,114	0,139	159,15	NAN	
325	0,1145	0,137	158,65	NAN	
330	0,1115	0,1405	161,65	NAN	
335	0,112	0,1415	161,15	NAN	
340	0,1105	0,139	162,65	NAN	
345,001	0,11	0,141	163,15	NAN	
350,01	0,108	0,1415	165,15	NAN	
355	0,109	0,14	164,15	NAN	
360	0,1075	0,1415	165,65	NAN	
365	0,107	0,1425	166,15	NAN	
370	0,106	0,141	167,15	NAN	
375	0,104	0,1435	169,15	NAN	
380	0,104	0,1435	169,15	NAN	
385	0,1015	0,1435	171,65	NAN	
390	0,102	0,1445	171,15	NAN	
395	0,1015	0,1435	171,65	NAN	
400	0,101	0,1445	172,15	NAN	
405,003	0,1005	0,1455	172,65	NAN	
410	0,099	0,143	174,15	NAN	
415	0,0975	0,1455	175,65	NAN	
420	0,097	0,1435	176,15	NAN	
425	0,0965	0,146	176,65	NAN	
430	0,096	0,1455	177,15	NAN	
435	0,096	0,148	177,15	NAN	
440	0,0935	0,146	179,65	NAN	
445	0,094	0,1475	179,15	NAN	
450	0,0925	0,1455	180,65	NAN	
455	0,0935	0,148	179,65	NAN	
460	0,09	0,1485	183,15	NAN	
465	0,0905	0,1495	182,65	NAN	
470	0,0895	0,15	183,65	NAN	
475	0,09	0,1485	183,15	NAN	
480	0,087	0,1485	186,15	NAN	
485	0,089	0,15	184,15	NAN	
490	0,0875	0,15	185,65	NAN	
495	0,0865	0,149	186,65	NAN	
500,003	0,0875	0,15	185,65	NAN	
505	0,085	0,1505	188,15	NAN	
510	0,086	0,1495	187,15	NAN	
515	0,084	0,1505	189,15	NAN	
520	0,0845	0,151	188,65	NAN	
525	0,0835	0,1515	189,65	NAN	
530	0,0825	0,1495	190,65	NAN	
535	0,082	0,151	191,15	NAN	
540	0,082	0,152	191,15	NAN	
545	0,0815	0,151	191,65	NAN	
550	0,079	0,1515	194,15	NAN	
555	0,08	0,1525	193,15	NAN	
560	0,0795	0,153	193,65	NAN	
565	0,0785	0,153	194,65	NAN	
570	0,078	0,1515	195,15	NAN	
575	0,0785	0,1505	194,65	NAN	
580	0,0755	0,1525	197,65	NAN	
585,003	0,077	0,154	196,15	NAN	
590	0,075	0,1545	198,15	NAN	
595	0,0765	0,153	196,65	NAN	
600,001	0,075	0,1535	198,15	NAN	
605,001	0,0755	0,153	197,65	NAN	
610,001	0,0745	0,1535	198,65	NAN	
615,001	0,0735	0,155	199,65	NAN	
620,001	0,073	0,1555	200,15	NAN	
625,001	0,072	0,1535	201,15	NAN	
630,001	0,0705	0,1555	202,65	NAN	
635,001	0,072	0,155	201,15	NAN	
640,001	0,071	0,1565	202,15	NAN	
645,004	0,071	0,1565	202,15	NAN	
650,001	0,0695	0,1555	203,65	NAN	
655,001	0,0695	0,1555	203,65	NAN	
660,001	0,0695	0,1575	203,65	NAN	
665,001	0,0695	0,1565	203,65	NAN	
670,01	0,069	0,157	204,15	NAN	
675,001	0,0665	0,156	206,65	NAN	
680,001	0,0665	0,157	206,65	NAN	
685,004	0,067	0,1565	206,15	NAN	
690,001	0,0665	0,158	206,65	NAN	
695,001	0,067	0,159	206,15	NAN	
700,001	0,0655	0,1565	207,65	NAN	
705,001	0,064	0,1585	209,15	NAN	
710,001	0,0655	0,1585	207,65	NAN	
715,001	0,0655	0,1595	207,65	NAN	
720,001	0,0645	0,16	208,65	NAN	
725,001	0,064	0,159	209,15	NAN	
730,001	0,064	0,1595	209,15	NAN	
735,001	0,064	0,16	209,15	NAN	
740,001	0,063	0,1595	210,15	NAN	
745,001	0,062	0,158	211,15	NAN	
750,001	0,062	0,1585	211,15	NAN	
755,001	0,061	0,1585	212,15	NAN	
760,015	0,061	0,161	212,15	NAN	
765,001	0,0585	0,161	214,65	NAN	
770,001	0,06	0,16	213,15	NAN	
775,001	0,06	0,161	213,15	NAN	
780,001	0,06	0,16	213,15	NAN	
785,001	0,06	0,1585	213,15	NAN	
790,001	0,0565	0,16	216,65	NAN	
795,001	0,0595	0,1605	213,65	NAN	
800,001	0,0585	0,1615	214,65	NAN	
805,002	0,059	0,1595	214,15	NAN	
810,011	0,0575	0,1615	215,65	NAN	
815,001	0,057	0,161	216,15	NAN	
820,001	0,0565	0,162	216,65	NAN	
825,001	0,0575	0,162	215,65	NAN	
830,001	0,057	0,1625	216,15	NAN	
835,001	0,0555	0,1625	217,65	NAN	
840,001	0,056	0,1615	217,15	NAN	
845,001	0,0545	0,162	218,65	NAN	
850,001	0,0545	0,162	218,65	NAN	
855,001	0,056	0,163	217,15	NAN	
860,001	0,054	0,164	219,15	NAN	
865,001	0,055	0,1625	218,15	NAN	
870,007	0,053	0,162	220,15	NAN	
875,001	0,0525	0,1625	220,65	NAN	
880,001	0,0525	0,1625	220,65	NAN	
885,001	0,0525	0,164	220,65	NAN	
890,001	0,053	0,1635	220,15	NAN	
895,001	0,0525	0,162	220,65	NAN	
900,001	0,051	0,162	222,15	NAN	
905,001	0,052	0,1635	221,15	NAN	
910,001	0,052	0,165	221,15	NAN	
915,001	0,051	0,165	222,15	NAN	
920,001	0,05	0,1625	223,15	NAN	
925,001	0,05	0,164	223,15	NAN	
930,005	0,0505	0,163	222,65	NAN	
935,001	0,0485	0,1645	224,65	NAN	
940,001	0,0505	0,164	222,65	NAN	
945,001	0,05	0,1645	223,15	NAN	
950,001	0,0485	0,1635	224,65	NAN	
955,001	0,0485	0,1645	224,65	NAN	
960,001	0,0485	0,1665	224,65	NAN	
965,001	0,0475	0,164	225,65	NAN	
970,001	0,047	0,164	226,15	NAN	
975,001	0,047	0,1645	226,15	NAN	
980,001	0,047	0,165	226,15	NAN	
985,001	0,0455	0,1655	227,65	NAN	
990,003	0,0475	0,167	225,65	NAN	
995,01	0,046	0,164	227,15	NAN	
1000,001	0,0465	0,167	226,65	NAN	
1005,001	0,0465	0,167	226,65	NAN	
1010,001	0,0445	0,1655	228,65	NAN	
1015,001	0,046	0,1655	227,15	NAN	
1020,001	0,045	0,1655	228,15	NAN	
1025,001	0,0445	0,1645	228,65	NAN	
1030,001	0,0435	0,165	229,65	NAN	
1035,001	0,044	0,166	229,15	NAN	
1040,001	0,045	0,1665	228,15	NAN	
1045,001	0,044	0,1665	229,15	NAN	
1050,001	0,043	0,1655	230,15	NAN	
1055,009	0,0435	0,1675	229,65	NAN	
1060,001	0,044	0,166	229,15	NAN	
1065,001	0,0415	0,165	231,65	NAN	
1070,001	0,042	0,166	231,15	NAN	
1075,001	0,041	0,167	232,15	NAN	
1080,001	0,0425	0,167	230,65	NAN	
1085,001	0,042	0,1675	231,15	NAN	
1090,001	0,0425	0,1675	230,65	NAN	
1095,001	0,042	0,166	231,15	NAN	
1100,001	0,041	0,167	232,15	NAN	
1105,001	0,0415	0,168	231,65	NAN	
1110,002	0,042	0,168	231,15	NAN	
1115,009	0,0405	0,1675	232,65	NAN	
1120,001	0,041	0,167	232,15	NAN	
1125,001	0,0395	0,167	233,65	NAN	
1130,001	0,04	0,167	233,15	NAN	
1135,001	0,04	0,168	233,15	NAN	
1140,001	0,04	0,1675	233,15	NAN	
1145,001	0,0405	0,168	232,65	NAN	
1150,001	0,04	0,1675	233,15	NAN	
1155,001	0,0395	0,1685	233,65	NAN	
1160,001	0,04	0,1685	233,15	NAN	
1165,001	0,0405	0,169	232,65	NAN	
1170,001	0,039	0,169	234,15	NAN	
1175,005	0,0385	0,1665	234,65	NAN	
1180,001	0,038	0,167	235,15	NAN	
1185,001	0,0375	0,168	235,65	NAN	
1190,001	0,038	0,169	235,15	NAN	
1195,001	0,0385	0,1695	234,65	NAN	
1200,001	0,039	0,1695	234,15	NAN	
1205,001	0,0385	0,169	234,65	NAN	
1210,001	0,0375	0,168	235,65	NAN	
1215,001	0,037	0,1695	236,15	NAN	
1220,001	0,0375	0,1695	235,65	NAN	
1225,001	0,037	0,1695	236,15	NAN	
1230,001	0,038	0,171	235,15	NAN	
1235,003	0,037	0,169	236,15	NAN	
1240,001	0,037	0,1695	236,15	NAN	
1245,001	0,0365	0,169	236,65	NAN	
1250,001	0,0355	0,169	237,65	NAN	
1255,001	0,036	0,1685	237,15	NAN	
1260,001	0,036	0,1675	237,15	NAN	
1265,001	0,0365	0,1695	236,65	NAN	
1270,001	0,0355	0,1695	237,65	NAN	
1275,001	0,0355	0,17	237,65	NAN	
1280,001	0,0355	0,17	237,65	NAN	
1285,001	0,0355	0,1695	237,65	NAN	
